x	y	z
0.210017932799568	-1.01946468252019	-0.475479971838549
0.64733591527632	1.96602721585867	0.578503007163469
-0.559300695134227	0.655847458036335	-0.817185746206726
-0.501861240296105	0.0533304335965574	2.82502795821541
-0.180491396340956	0.0557309549589538	0.848662830114827
0.322108459938243	-0.331134662436873	-0.2636953625332
0.630119700345724	0.571538101709452	-0.355552454406644
0.431522265740386	-0.300870923756198	-0.51512864191693
-0.796662296112401	0.117848536155465	0.0175759933053336
0.434496082408069	0.0130739176063608	-1.8462163336371
0.722536594598836	0.206733983631056	-2.49756284645275
-1.59592873557201	-0.705846124573422	-0.0586279744609709
-2.03334379867448	1.01432738979117	1.02628077597822
0.869889523775087	-1.82878907959357	0.569706825876318
-0.25439811117719	-0.921960124461054	-0.712459371404751
0.37612606008601	0.323502158577501	-0.0647956233205625
1.07685815574063	-0.221469015796758	-0.351135881126582
1.00591395869	-0.836359749784966	0.221547645632165
-0.691294940517621	-0.401153822474055	0.198529946765974
0.461741226660259	-0.738318267252765	0.0283245519952788
0.0584355923881123	-0.410109195767626	-1.3412309371406
-1.23894641062463	-1.04138855136188	0.465691526093638
-0.590599936841244	-0.719918983648487	0.787411701609048
1.08027189190858	-1.6563100247068	-0.29972000166269
1.04673144507854	1.17693387175091	0.111324783144291
-1.44086724242966	-1.51735299592506	0.896259040188607
0.887823124683141	-2.1561301271147	1.00486912459197
1.91922327973564	1.43655500092243	0.268114635499724
0.111366921546888	0.41976539499069	-0.174239743374433
0.065507401692527	-0.838896385481337	-0.699324248475797
-0.830897610911149	0.212436734011348	-1.04847205641429
1.33614459383866	0.264782705467817	-0.206139903017673
2.91310744793454	1.02966067778736	0.0987818674771154
1.66899966206114	0.731653707093431	-0.517767431078688
-0.869063821106908	0.689874866098389	-1.97087683165924
0.458739424938965	0.452645624335744	0.488785858699713
0.0629086222356475	0.471459331716187	0.523865202613796
1.18029800254416	-0.132040405116652	-1.09552178610076
-1.30037212961389	-0.818076571608108	-0.310571629605042
2.29822467167236	1.50507795929985	-1.37688678954266
-0.438578008496909	0.133243878254206	-1.08299472723749
0.490382225642535	-0.0856534107157478	-0.248856969612892
-0.263624406044846	2.024435523657	-0.938565627644392
-0.652597134812387	0.0673296664907577	-0.841947197767726
0.802422395726508	-3.32861099650107	-0.164556798573662
-1.39450621731211	-0.330889809826726	-0.1414071839535
1.49399778817373	1.42054553399284	-1.27635578382614
-1.90262561585948	-1.02335740660872	0.536255020792267
-1.49506207061014	-0.74102791221897	-1.95752106626501
0.149895026982774	0.198676846347733	-1.03137676296802
-1.50374281326803	-0.136516484688096	-1.75411438425664
1.06326075319915	-1.12293424278952	-1.93982667507605
1.58154965220703	-0.198548915440982	0.171964211529342
-1.08008822739115	-0.447784331855053	0.765771184592973
0.90048141020966	-1.07885516384127	-0.182648901516507
2.22026862337471	-0.0114534084151235	0.43959593286632
-0.345876700195531	1.0024723274476	-1.23407521511204
-1.37313711164121	1.13763626531436	2.11400622112458
0.828204459956226	-0.869149655101468	0.303069129559374
0.895011316896075	-1.03737496621659	0.830122868411409
-0.830792580835612	1.23045449915773	-0.27573091211085
-0.813830267959746	-1.26913599057386	-0.435088381523747
-0.720942824920537	-0.0314441757363104	0.639094220156625
1.51140887185548	1.25755207533566	-1.63622199038841
-1.58991849395272	-1.28159407605657	-1.47615862184772
-1.05477925845809	1.78703390828067	0.190577205847528
-0.613192305696039	0.121795267974461	0.244471853552074
-1.3817846450086	1.0021096110881	-0.716366040802349
-2.29539150064975	-0.611646226725554	0.818699176060485
-0.941589524410112	-0.802833047195459	0.246910158597733
1.04602498684916	0.0467869083459549	-1.46821623795744
-1.08706971371138	0.602314670105043	0.13393052027353
-0.205238765170913	-0.471518574036422	2.20066944811601
-0.00242393403193526	-0.222219244495325	0.0651903917047294
0.683116360263241	-1.90654559030449	1.82886770278866
0.5317296439909	-1.55204413269789	0.699815074048105
0.896355342923513	-0.842700612899173	0.0104388043643111
-1.12978419850656	-0.797597920089441	0.873086692098503
-0.0936458061104026	-0.56818662808309	-0.199208073346098
-1.57863603841569	-0.655508401990409	-0.527433075992705
0.215141180100267	-0.605810380213973	0.871067295242442
0.221543150649796	-0.325696631194782	1.46667802498692
1.83704867236636	0.907743408438298	0.0443051710179947
-0.796890936057243	0.823329572995743	0.851906922294055
-1.06112306568033	1.11384898865737	-0.143891921674837
-2.63853181422248	-0.61015612533468	1.99173528901779
-0.517295138926496	0.812166179586169	-0.902298666024868
0.976706308007489	-1.42425172097102	-1.7079908792311
-1.21654248951991	0.414617645712616	0.428768314899021
0.397653651068289	0.481900369468326	-0.616803476566976
0.0244869864502909	0.505006559551715	1.2060853992816
1.91200156487277	0.364369230070826	1.3826698193024
0.630198860589827	1.01719523009773	0.483393875822366
0.755709553387657	-0.687491181130094	1.37654714245167
0.298390211466825	0.680045962551443	-0.357370256932394
-1.56378382568081	-0.427260224498566	-1.32464733319608
-1.14737699316784	-0.468322566535071	1.35363073934309
-0.310253305614959	-1.23428293269382	-3.47449995029995
0.360505062041436	0.686354521983698	-2.28903181894827
0.605519525791687	0.227633998289342	2.93518045959476
0.170013119892642	-0.764341485396041	-0.721543385798102
-0.552913489863029	-0.0237726764945325	0.750804657961198
1.26221787388198	0.6104207778778	-0.488082275757008
-0.665946692138889	-1.12127347031033	-0.0549290341708244
1.13760372242257	-1.38572429649588	-0.639931375248418
0.131870158217713	-1.59496475662343	-0.277817888046097
0.698743435511949	-0.323637126635464	-1.9103884417751
-0.672056380270918	1.24914950728244	-1.42368430485442
1.03337436767461	-0.961025938758209	-1.59460383537224
1.52814794158008	-0.0261280824560953	-1.59912500702321
-0.19185653903114	-1.79559255342074	0.229070801197016
-0.132884497261093	-0.56231779091751	0.100793403089853
0.302364089855143	-0.0652712849177516	0.934001504783498
-0.699869172536107	-1.85973048613434	-0.899028810994068
-0.644547405260351	1.70762217288087	-2.51111160583062
-1.66286353634937	-0.476495033510777	-0.260925853471956
1.00446093338161	-1.16688621113939	0.457417255567179
-1.46262225861386	-1.78545946411013	1.39261924502109
-0.151628889024389	0.89791955078064	-0.179077726242884
-0.244631321288059	1.14671757208461	1.32854287664864
-2.21563684527285	-0.925413719733461	0.467252879277334
0.525757947909596	-0.113227908540768	-0.624383419583398
-0.477035216108358	-0.808123293767188	1.99651048584422
0.924384089679486	0.994470941826009	1.01237326458454
-0.599367140907874	0.508183700442219	0.90547432362816
-0.443184511205489	-0.555272296975967	-1.02856633342308
0.133825893688954	-0.303271588215589	-1.42908858009527
-0.0187662485499025	0.595052925013354	0.842529390314673
-1.07796244248876	-1.0705372128631	-0.888588571184108
-0.24792251783219	-0.935079605579698	0.368336552460903
-2.34433906578178	0.219883728469466	2.05744861533566
0.69485894665232	0.965300467256259	1.42256983909975
0.213000603642902	0.854103426220463	-1.99803352392286
1.18255134813049	0.751238483674029	-0.339588450511134
-0.0771195856876095	-0.650160448936792	-0.0597004040370827
0.379649792517491	-0.625569394858763	-0.857475421689874
-2.15344660307649	-0.0842557222792307	0.491397644496094
-0.506781973774915	0.652627220094781	-1.80497085603291
-0.0955467189918288	-1.40406466746617	0.870892903574492
-0.00248154450567249	-0.141311342178051	1.19326379720257
-0.739476225513959	0.60219311522547	-0.495212071846624
-1.30101513412529	0.06560921698998	0.252959551010302
1.39868413523483	-0.040053714009557	-0.405679503346239
0.233909609813113	-1.56120423036404	0.205105493069848
-0.808849784503202	0.88730485069082	-0.308824889977643
-0.144256227214173	-0.220866879361837	-0.938053387469122
-1.34580462113681	-0.629555877358225	0.962897879984007
1.40809641938738	0.381682525511535	-1.45227024256287
0.487362499201768	-0.308523316787352	1.38501717899648
0.910549657745181	-0.672547805459544	1.14945472310253
0.27697859541148	-0.532574710870264	0.94092111277476
-0.400484243863035	1.13495183030785	-0.861609940377517
-1.96556509823414	0.1387882534219	1.17813747144183
1.40735066481221	-0.992856848924122	-0.582808070634515
-0.715605575292425	0.460300432212941	-0.205994033992179
0.74737158323828	-0.413249997472434	-0.0698603900733287
0.0117815530521164	-0.919077075459606	-0.450318733829053
-0.910778121671248	-0.307772186155866	-0.552267819053783
0.424999395737018	-0.00139082017413117	-2.07266738324373
-1.03676707260064	0.469549461281073	1.211872196351
-0.357047409161936	-0.202020736494661	1.4896748568092
-0.19552639580291	-1.06796115436721	-0.757796661320123
-0.470754872574598	-0.626305958330835	-0.0458739143204291
1.26968031803885	0.689910226361806	1.04147801931412
0.461228540204713	0.30603680403557	-0.619636128182678
-0.21116657768118	-0.2142902440935	0.363554945707347
-0.775845173972456	-1.35463663180108	-0.388649761080152
-1.38836845908004	-1.1017286645086	0.57735162291215
-0.865075568849776	0.243340349838689	-0.0923467352292325
-0.814875528809516	-1.33387590898237	0.574433909871321
-0.567605386033159	-0.623667143468368	1.37288739246961
-1.35077710760314	-1.60567854444992	0.269753409748018
-1.27996139625339	1.05836190492564	-0.300635560112881
1.51597330742126	-1.60760268270244	0.868916742361336
0.681949267137591	0.656701892080308	0.25538739970684
0.479135633419758	-0.568173851115071	-1.49605689805925
1.24145579958466	0.0999282784430185	1.70439015605128
-1.17997631161813	0.0482554981727823	1.39025600695552
0.473925415640155	-2.01000227404001	1.56470141597975
-0.494253364614447	0.797014626106052	0.400395196569518
-0.0519337818367721	-0.0364793235554528	-0.321561974405334
-0.14547714152898	-0.0354047517754323	0.973459770928878
1.8825910670908	-0.188386596150262	-0.0496027900211371
-2.6157465304613	1.3612676838294	0.74520657245593
-0.786057765047274	-1.25231785607061	0.419946939665704
0.942442673048171	0.0472747953655838	3.46257053665187
0.479085697413238	-0.510345582610977	1.02774811663424
-2.12976240361325	1.05618390431222	0.191144569856668
-0.392940767077824	-0.770674559269553	-0.144056527541207
-1.93987576423945	-2.79126614728316	-0.452170999402758
1.65872025841409	-2.28869648364098	-0.668850546117555
-1.98782180150088	-0.814189867489381	0.486174234963719
-0.166682484479442	0.750274433525436	2.0960169816928
-0.39226462147978	0.409278511949337	-1.206682141947
-0.305730331840176	-0.522421773572821	0.412988707522441
2.19179358024528	-1.26608235538167	-0.777890916021594
-0.051572087010511	1.12208631198113	-0.332939539524692
0.724559897868872	0.911749638500277	-0.199195941283567
0.997030009055953	-1.59691593925098	0.263552588795574
-0.109092517986544	0.594230749874606	-0.459198254420291
-1.38748251090133	-0.573091731810102	0.142792860323724
0.658860065484051	0.145949607559368	0.667583352588942
-0.15785182023185	1.1317157107392	-1.01839987798526
0.66425280901107	-0.370832346309206	0.405191963656625
0.78029959781003	-0.0353858218167118	0.308239352896414
-0.135666903151971	0.223342324059131	-0.760219183199866
-2.1805413344654	-0.199436958405969	0.618893018352946
-0.687567155697652	-1.17550827053482	-0.378958982202685
0.992360203578292	0.404874604302822	-0.749040951254137
0.424183067739699	0.262587468893036	-0.268472952305004
0.0573681012995803	1.7446518221819	0.745708931230781
1.03026650099955	1.34417613614364	-0.908746962765528
1.37972855495749	-0.259649404281887	-1.90374602136605
-0.261531373816821	1.10045178345945	1.96063494682089
-0.917841640936785	0.349970552744376	0.716590821616543
0.140329522368089	0.448245871913271	1.42597088991172
0.513850654450248	-1.61599664767819	0.450245019843434
-0.733853349386795	1.2063254391187	-1.00170413243337
0.115371872991824	-0.958777956207806	1.02179019596769
-0.00409317491937752	-0.109720844792243	2.60221350173229
0.272021706224106	-0.676462633283179	-0.62087123243098
-1.04031916558721	-0.819436281719816	1.87406040278167
-1.05152738283803	-0.690311172693292	0.942682627511405
-0.121859359778834	-0.432543155893216	-1.09002614279773
0.92771387878065	-0.65816189657292	0.0979049115599324
-1.52509246084017	-0.495741288015366	-0.688066023244906
-1.45761168790286	0.0746062656179884	0.343503509429342
1.12841502440669	0.293347101639977	-1.09255669272282
-0.822931386204248	2.32141617243415	-1.97392507563393
-0.54461798013006	-0.371366781017106	1.96571952451026
0.256612278405515	-0.409971490891526	-0.336342800912142
1.12050589638134	-0.486061918988702	-2.08902156791066
-1.06857550443431	-0.426289534070621	-0.95377648816253
-2.29936732022244	-0.61236173661762	-0.154690113268533
-0.522487892879056	-0.212144338100685	-0.638824507278878
0.226173394764258	-0.595035263366246	-1.93338179792034
-0.193180091638628	0.372735456807966	0.14098093419523
0.523229734195979	-0.554446906126621	0.0954242880361438
1.56405463314978	1.0385221848319	0.692340653991516
-0.491441724803573	-0.323508530328864	0.956933437449364
-0.0445148305678188	-0.667668505847704	0.305861922986247
0.734143633050816	0.81839164968681	0.582645965464563
-0.406051496817531	0.292255531844562	-0.0366469033554022
-0.419421893258642	-0.64564689141412	-1.57566912362239
0.703454856087543	-1.29694748067606	-1.98197691915114
1.00111958123941	-0.0300952900305788	-0.46041782681726
0.532936772019898	-1.08228039126003	1.50509096258791
0.196939723494703	-0.268110749253113	-2.20217419482778
-0.887790859858521	-0.895211556400299	-0.159053104625533
-1.09198405509084	-1.18286090769158	-0.683584194034827
0.377922018307156	-0.761903499038453	0.281334040539231
0.826100650677912	0.411674517518756	1.35995265975486
0.376482724320784	0.93268925999043	-0.343297389616158
-0.197050542958545	0.491530909635188	-0.126855722074533
-0.842590400619386	1.01619337512587	0.648916978706781
-1.12281225633945	0.882578263236178	-0.435383371068068
1.04540424224925	0.237188180191383	-0.547707435642547
0.54159186230715	0.491783120200635	1.60505739557984
0.0434475517082731	-0.398843391347152	-0.674023958872685
-0.0217050676739048	-1.18254044852167	0.472413278291593
0.169652032947346	-1.07054600874966	0.47818461275002
0.274866836228659	-0.492476811798344	0.684123458231752
0.124184561281474	-0.481321837797694	0.699715551669672
-0.508709103201131	0.282681484074756	0.71062799593391
-0.275844653144701	2.10338925203622	0.859444491499304
-0.424868249160944	-0.304422614674475	-1.27111743392851
-1.4861102085986	-0.660769203637682	-1.11918742464033
-0.0230330360273578	0.499927668885628	-0.758150318728101
-0.546271927704948	0.995796092785319	-1.48508428747184
0.662510649735324	0.14654628760134	-1.60006411426683
1.45621591469989	-0.0369318387110196	0.634093118682125
-0.818615269233996	0.280186439672095	-1.2275089794917
-1.77149163443414	0.120317510154309	-1.17528580405361
2.29601415781974	-0.584419282153334	-1.31407923983352
0.860376122913515	-1.86670116128169	1.52865434288985
-0.892552110916238	0.351899613657938	-0.743681127691088
1.61467278959653	-0.00603879073822493	-0.143990871490671
-0.518798037461322	0.362042536082392	-0.549779005093963
-0.541209344456086	0.711295452595801	1.01108668244365
-0.710315467193381	0.00327511784518589	1.37017164233278
-0.0713494004176563	0.832484130304678	-0.345832098769632
-0.0952261084129709	-0.202786933378259	0.0185632463605325
1.92618384967654	1.82933845018076	1.43423775031586
-0.826155342382667	-0.725278039164913	-2.35345674002641
0.393442871562257	-1.60019883890316	-1.08788655859815
0.366659222407542	-0.874403645328419	-2.32528957202378
-1.09384466695102	0.1491876305403	-0.405368679003645
-0.971584515514938	-0.336331394968045	0.386787942339236
0.0385519276597819	0.531133547702502	-1.13197312279401
0.206828096367914	-0.263157075630732	-2.07604020545345
-1.78482953356162	-0.0763077134400857	-1.89622681244221
-0.517510205448743	0.30102680130843	-0.488577121970121
-0.389697858655954	0.415844599960829	-0.905267671418189
2.61535327862366	-0.539882033251298	0.709916882479721
0.45387524147019	-0.388607335062928	0.252297878117163
0.298013969710118	1.13822285234968	0.172098694407505
0.479761802233162	-0.923664484379434	-0.0786228495088928
0.266849423174575	-1.02675446067064	0.118873336085803
-0.033832112493111	-0.673353637936559	-0.430244859773007
0.160584029512147	-1.82421726367569	-2.19450872058048
1.52639616958578	1.42011684704733	0.416056031198598
0.442974154591021	-1.1807346592072	0.261603012104465
-0.943446492167799	0.067908397197944	0.749952833558252
1.49810401511128	1.56469734442122	0.773030620393667
-1.74661085001363	0.697489982589876	-0.449636040610039
-1.42391273137247	0.255555436356086	0.696138619742471
0.37620885037985	0.506952836615322	0.479077833194147
-1.0593478528526	0.572045696364393	-1.04547136368211
-0.980370210672055	-1.10240951452546	-0.693362713921659
0.195929696720554	-1.35550252039746	1.71713626319034
0.396611125977497	0.646180461611555	-1.85796399559343
0.538260992595193	-0.728257599551886	-0.267504481774045
0.47323063960274	-0.693541081984555	0.3290165609574
0.308427186467135	0.2011078355026	0.926110875253075
1.63322691602081	-0.618706860214105	0.727388094145374
0.34186434623675	-0.440043250649038	-0.149621917902636
0.0257628633374131	0.676559835079397	-1.47031903436428
-1.38979584069727	-1.57350069199473	-0.884918685492636
-0.273025992683174	-1.86086669289302	-1.67521754972608
-1.03866418855234	0.194247885580726	0.31449601493227
0.783916917349538	0.34270340030749	0.541088109241935
-0.364642718953307	-1.51605847101061	-1.02096383779813
2.38664311307551	-0.710600989067591	0.0427837783997233
-1.0394436896914	-0.491497035785469	-0.0517227113470014
-0.909251770648045	-0.560622099005247	-0.651591831271279
-0.14404493612292	0.80434437462859	-0.173651078414804
0.319205036743793	1.1116654534465	-0.35461202925626
-0.102841110314166	0.754597473342266	-1.6997011087313
1.24820156886901	-0.414047628118328	0.0482102740813503
-0.136403374230529	1.46722881162116	-0.229068773304879
-0.367759565013653	0.651633161924018	-0.0593182006806172
0.106564716859987	0.827751259743491	-0.274046440350232
0.990974407516912	1.07150763877324	-1.51962294360388
0.561975994270979	1.40331082527741	-0.584590706230194
-0.702298234590145	1.73666772826803	-1.04077012784573
0.709754027796214	0.210110397763359	-2.7146232523788
-0.462257146366615	-1.52641770969857	0.312987894076561
-1.08745343269173	1.57399531754506	-1.08223799509535
-1.64244551012201	0.48245312886117	0.49349196150642
-0.517824782358718	-0.759421739710356	1.64620953666142
-1.17790579834275	-1.08406869147443	-1.14794199872162
-1.14363378665812	-1.19075170774088	0.818125615473689
-0.990102932673169	-1.09973089758803	-1.74807680313804
-0.422006703936774	1.0417709402237	0.868578199057508
-0.653050950128156	1.97443508064088	0.521259682562929
-1.03418596948378	-0.156097410922575	0.400116183429861
-0.281346830741314	1.11602308267324	-0.486616295161071
0.803200104344978	0.219125735933449	1.15232141567473
0.874940208214265	1.41074591592591	0.834337228244165
-0.0485371286247637	0.0241707103086301	0.809121343251932
-0.135187625618548	-0.722296804128683	-1.71556214066731
1.67445792892534	0.136606671598534	0.280822491971494
1.54726441988573	0.241985290435726	-0.699815353918684
-0.14884864331539	0.917777556544115	-0.0178713081626848
0.283884943526125	-0.240596866680024	-1.29257366078995
-0.111285807843405	1.48524531553474	1.48595252453627
-0.471084539951053	-0.0587626883047121	2.13951683357747
0.283438512344246	-1.55523416448049	0.306714559362311
1.013472998306	0.844300456841004	0.170318664474221
1.01147091980428	1.53712382039485	-0.52773658703034
0.957293253096625	0.312132638291011	-0.453033113100342
0.873140789860645	0.0362254179049648	-0.820570111280712
0.0819438582143703	1.5421779948618	-0.938045172800167
0.131393939099222	0.983618890151196	-2.09466058100493
-0.566780600791184	0.304788334159276	2.2189624730162
-0.143775748863911	0.278122083685128	0.223625124053958
-1.34427915719894	-0.175627291429249	-0.341522273548104
-0.171107885999213	-0.913128027370022	1.24270528024645
-0.481865528491273	0.703643694168383	-1.03058222209012
-1.44508939018728	-0.390823174635997	-0.21638293178581
-0.198774080329271	-0.807429051944401	-0.433506838621701
0.252053169586862	1.03465012931114	-0.270365446562353
0.983970481795689	0.187657459357147	1.20578653885243
-0.5175918942972	0.257613146852128	-1.05314721185846
1.49756473652674	-1.02578955311553	0.278935367672257
-0.167954223569258	-0.383168737668807	-0.795110343824016
-1.45847531320374	0.173849202810779	-0.892156976249078
0.348996818627689	-1.69222136385746	-0.0221234403492717
1.075159625592	-0.574367901504175	0.640105590357753
0.733523710232766	0.217261900133804	-0.0141338331923634
-1.33318171730122	0.11018855842821	0.88230033821648
-0.575018089050443	-0.945210032370948	-0.0468972459844152
-0.158195825253181	0.804693272539773	-2.11817831001581
0.641972704613756	1.46397194611269	-2.08269068272534
1.2672864999298	-0.432154848152406	0.314516733788717
-1.29740917032421	0.26593683397963	1.06883390586892
0.0387861548359124	0.622430856475706	0.109645511145485
-0.239767714946211	-0.588363587265981	0.745651301808329
2.59321223348555	1.07017725115803	0.390736915593396
-0.125968652670359	0.723215442284645	0.733203905424138
1.87689283581104	1.36064827843434	-0.21561982917342
-1.55344969469073	-0.751390950131394	-1.1489801199341
-1.36822891811301	0.0186314679890087	0.424307814536757
-0.091776754262767	-0.769206530311547	1.12956808226573
2.26454898198312	-0.72684120483892	0.588026237873958
-2.59393270861631	0.398961277018099	-0.0014807255028855
-0.573734104543	1.0324388565866	-0.358966736669346
0.992924110853613	0.792330380403854	-0.078550581197104
-0.0107957014176643	2.0447656384827	1.16254490629749
-0.314807492025471	-0.583718530095341	0.20081934868838
0.907892698545739	0.295224474602026	-1.97894602209703
-1.73516673096823	0.181758169009154	0.393205734658103
0.566806371809086	1.66729238216467	-0.505450275071659
-1.20653825364654	-1.50504652815322	1.72332021015725
0.530680843162456	-0.128474802566008	-1.12497746448917
0.124260089472518	-0.44566825637819	1.77452922941373
-0.0386387816049727	-1.35673665216601	-0.469506513691601
0.395474151539527	-0.540274802124508	-0.596235861889793
-1.37407483077064	0.03033049155377	0.126950598699375
1.5631304278692	0.3288878062349	0.660243760062968
1.86658892505442	-0.0444283527540471	0.489138689418693
0.247290681729821	1.03629635776959	0.0224018562542143
0.805646589266019	1.19849223270265	-1.8883828889474
-0.0630818307851394	-0.983751054765609	-0.29584322117638
-0.346931193794995	0.309733398817621	-0.401304554653234
-0.645578360101143	0.435841229435661	0.206280707511049
-0.891278864183351	0.118418963528651	0.741087216782953
0.201136008704063	-0.42770268401159	1.4635454128288
-1.1780295466214	-0.976268453208316	-0.156879478376001
-2.16181102749286	1.18396216518361	0.00953929551135567
-1.1381456188261	0.875822772591931	0.768806863058279
-1.79080317103408	-0.289302677225968	1.58787424624923
0.738525181707403	0.708523648468245	0.702219926415183
0.245124624238783	-0.798858042877835	0.199456033719533
-1.45494594662583	0.27522638739872	-0.318682555602805
1.13392463716432	-0.488247526934102	-1.17105475341117
-1.55243625010318	0.517745448833939	-0.299660882261342
2.01197833146545	-0.242229774341411	0.61932631332367
-1.54146105518031	-0.781730542862406	-0.0999081989540108
-0.1797930929768	1.59952087189875	1.92724643412101
-0.350560099546245	0.709659343557749	1.3725079862169
0.657698762551421	-0.971052966090498	0.595819386545794
0.951664559381485	2.52492411737431	0.00669929621290792
0.503397085494055	1.13780203500762	0.164710234897832
1.036366155647	-1.25934731906068	0.346298325406395
0.626847760419577	-0.917253338924571	2.03025011959578
-1.2629444816609	0.0459868956857392	-1.94696143279725
0.0365457715661183	-1.42614542821287	-0.227632346497876
0.27288881630278	0.978415489362278	-0.282626564223029
-2.24983474956005	-1.35498144757592	1.30446327079045
-0.0697010104930984	-1.58646542910681	-0.271068453637964
1.54101064186569	0.407686139109193	-0.164883715109721
-1.50414592394331	0.423803737438825	0.13174299021354
-0.37266419314105	-1.48664794749215	-0.392830565954188
0.954260570364798	0.914540309870289	-0.959494704678734
1.28133147586621	1.33966703113574	-1.91223014903571
-0.443170413828296	-0.218408425430254	-0.70674726902795
-0.205425447450617	1.66706538099852	-1.35176388833354
0.742298888831269	1.30220031931006	0.329512513536994
-0.47322970958001	1.52150034475836	1.0520978008651
-0.490346894594458	0.918518433692752	0.789837624282204
0.84558549977068	-2.82999972685307	-0.113536249875434
-0.0198261138730747	0.320223767977301	1.35520097321805
-0.515648198814582	-0.14286085557331	-0.959220570608004
-0.602720288314531	-0.580550495325693	0.436693589314117
-1.18934041627958	1.57356616108533	0.905743553203563
0.106532382977329	-0.102696635566751	0.157394503458972
-0.274491503112804	1.48081724844281	0.355146577823234
1.26133387132684	1.34166785085245	1.16193107904826
0.186867095272812	-1.12912646887424	-1.44987156089065
-0.659058896679015	1.13531217553585	0.420168920446317
0.093208605254005	1.36375930669252	-0.0694842151676983
0.306541000943598	1.30218898254263	0.705370047402746
-0.91045213824088	-0.214235277523662	-0.0258322196912027
1.38661571117609	0.770280218599053	0.144250294983104
0.90954181818259	0.39421050942944	-1.15843705220634
0.349917477278761	-0.633563361976021	0.188699491302335
-0.0401207259370111	1.86432676434475	1.03107462729182
-0.686374861445122	-0.890906672204978	-0.339459546806243
1.66369880291032	-1.13334683734172	0.720902453683426
1.17200875089823	0.862096378690034	-0.572752781190581
-0.909434236553914	0.608290828825636	0.057739547974833
-2.07875543687623	0.274576093000439	0.203919782445517
-0.584533753207996	-0.747312165987763	-0.453417356653796
-0.364657979598689	0.862612503947961	1.34190103718014
-0.880478894189641	0.400677312420502	-0.482322271615489
0.549246453323752	0.290547480197043	0.483724134974741
1.53422359679258	-0.499057637643942	-0.175502732812428
0.519925160605971	0.577977858399033	-0.978258231626409
-0.281862050898455	1.67552861308193	-2.08807376364432
0.0359610323487838	0.360823491618361	0.745957919092528
0.726578326889733	0.226897715824765	1.26848007791835
0.813364423992606	-0.940443550171607	-1.16493315426192
-0.692650125293936	-0.482252137478137	-0.233678808062909
0.106656689975138	0.506803407617315	0.360972413092499
-0.748766500632678	-0.0820788391528775	-1.59072459441023
-0.05875957431965	-1.47265073384687	0.926791605105189
-1.93469311436081	1.55756610318995	-1.37397303004538
-1.48026837791138	-1.5713478257919	-0.955546795434146
0.991050167600704	-1.13697180243651	0.258793352090846
-2.49824063243617	-0.596494512461517	-0.579268180179804
-0.536691071001391	-0.061700610892402	0.28057794241283
-1.17606258064083	0.257257497529367	0.0468317074545084
0.714653575503001	-0.766944633071213	0.798231319453765
2.58080794453958	0.121360027615938	1.72010240455538
-0.291276386685404	0.323016164655665	1.14228139949076
0.843654571961738	-0.871847419834306	-2.24531374719298
1.71562470259113	-1.21346822895567	2.19463416797368
-0.0275001566389125	0.203924013640204	-1.87411469584539
0.690535847430517	0.154870803731593	-0.698214914996353
-0.467995138794303	-1.4928451084626	-0.0136671321645992
-0.756999510725852	-0.0992733989095307	-0.781635513559393
-0.527266691473642	-0.919215259222196	0.914663195570292
0.748044629975277	1.94321390684137	2.07933740640442
-0.370812871610878	0.746211029806821	-1.14630153198896
0.85213192453658	0.136332509150377	0.400304402561164
0.0928946839014358	0.707687646926021	-1.59343632052005
-0.299032373363066	-0.266367933052223	1.27072003218756
0.0740754809891525	-1.4057052000981	-0.796536869906189
-0.483478194399242	0.942065297002189	1.12812627980444
1.45241262906527	-0.0518661224831306	-2.5812895425529
0.584172683261439	-0.560540422265218	0.615337242590251
0.346640628453188	-0.801861136023426	0.894252715854863
-0.833439001011704	-1.60578956278016	-0.350593690596937
0.227469210352223	0.203582736324664	0.960450019592926
1.60386918478006	-1.35673747603706	-1.02026833850328
0.0931456714696219	1.06748272446345	-0.917130918954424
0.268584818855309	-1.75452450270848	-0.00499867386600142
1.86911971949963	-1.26837252326263	0.819438287357028
0.983088304372983	-0.322997289635613	-0.0201517281820795
0.306212396049243	1.1983432445936	0.0957302230757933
-0.458222935212532	-0.426848094767338	0.619650506995191
0.85348151923425	0.664139286996411	0.278142858746509
1.09950460721916	0.0952676566202372	-1.42288749997908
1.27412140522359	2.21607431298933	0.761705537068642
-0.882432184323934	-0.534761395560658	0.240456515300342
-1.46529720369561	-0.031683856576964	-1.09980387210327
-2.04065442461794	-0.165009205302646	0.101214392581064
0.511587185832469	0.106133020429659	-0.135794124513294
-0.514594614091226	0.658283873168944	0.331842566209274
0.375459670411569	-0.333084455812225	1.95861571485225
0.680687706780954	-1.03676617142496	-1.66907967629956
-1.13376627792636	0.358807663422102	0.489859279350717
-0.606209786364758	2.67274476231303	-0.503351974600924
-1.46919962937285	0.62030116623017	0.0521906162610191
0.46415548484815	-1.89311098677014	-0.748451537888739
0.613934398545361	0.718580668379935	-0.95806694276508
-0.407476257696554	2.29666871401592	0.315725343111187
-1.40779229239706	1.15659262845217	0.782110333098281
0.442630717591763	-1.15643947597988	-1.14443631276747
-0.47906783156183	-0.473864411225214	0.0794235320322638
-0.223203408707202	-0.10971864376125	-0.0281042097564902
1.12596099930313	1.60511335123139	-2.74434801662119
-1.17252226886946	0.761216450094784	-2.22664535422374
-0.283257665603646	0.161709282395692	-1.79724919985843
-0.53396264888964	-1.54482641849057	-1.49302347233186
-1.03684218454973	0.0649920870314245	-0.304790444352604
-0.456284815944495	-1.07853268147516	0.262435397484112
-0.590685374365121	0.14341357763104	0.0963092460421006
2.23532377819347	0.0170428710681759	0.878929879496452
0.825186382743066	0.320965231566487	0.97303720658617
-0.128791779307381	0.450944288580938	0.903871876528832
0.627363854082615	0.959114499325186	-1.49349770572206
-0.166563534452847	0.736875089167244	-0.82893482530293
0.811350736122778	-1.08809756037044	-0.744633614753014
-0.0395427090986137	-0.196574603726894	-0.713449495171475
-0.663336980114	0.669486165459321	0.307928680023378
-0.368204131902844	-1.01723299901988	0.615421292598848
-1.65045985760771	-1.52044905012137	0.868376733603011
-0.799964567449047	1.02996812333999	-2.74232261988558
-0.690004568968002	1.61330553589992	-2.27787846945037
1.14083247965772	0.725705466611644	-0.985155376535815
-1.41279441917416	1.4156519003301	0.256914180809632
-0.0686966172341699	1.02072219815523	-0.437053996483113
-1.31023732291615	0.111260385060024	-1.23559002333879
-1.62473579711124	1.33090930163693	0.988575483501069
0.888567033065116	-2.40444172723601	0.127123739889978
-0.663675971595538	-2.76080133034679	0.343794128726566
0.15516258612671	0.979934246664129	-0.983499472367472
-0.474380757044303	-0.632808568478994	-0.195232207630123
-1.21117518788277	-0.31664138548846	-1.12079559949635
0.37315729419948	0.64020844131481	0.550903634868342
-0.826779122838867	0.342132862087104	-0.848702853912169
-0.197681976810267	0.0207480265184994	-1.55172043278932
-0.934578551278595	0.182606131458755	0.162907509934625
0.338397924341762	-0.320290925447104	0.201708586240291
0.545765865026523	-0.153258853264205	-0.364296002600546
0.719934138612755	1.19946795378878	-1.09507949832819
2.0680390915526	0.825828030935102	-0.18015202830992
-1.12123345943404	0.319635592297232	0.673052235903595
0.879805802706156	2.05900441933309	-0.58450145197211
0.257950685880687	0.368439022036928	1.40458946782864
-0.947925201124746	-0.517360109486651	1.45806855016963
-0.485246166175569	-1.15341963528221	0.522388842674182
0.584690548783554	-0.0648981013649636	1.11115260305733
-0.0216203555408225	0.186252446271539	-0.0795743763852458
0.582847303337692	0.675267520879668	-0.929110121113944
-0.403104292574336	0.720539478057055	-0.34608653146528
0.139840704676474	0.916126177020919	0.196361841667414
-0.402817262479973	-1.23744573513767	2.44658472744067
0.0519661015106888	-0.829547992407694	1.40900675266022
-1.06464801210292	-0.0978135882622474	1.06707715981949
-0.272092156616262	0.678487761764798	0.101173095682244
-1.1670510150295	-0.694889480916939	0.0779052698630375
0.914698373986604	-0.753578687537232	1.85745539410428
1.4037661432641	0.393852169681734	-0.7067597758584
-0.599116445753821	-1.18947774860406	0.629024053306146
0.251569996622309	-0.567778536610106	1.40800458279631
-0.12896778024436	0.620984323886124	-1.34068420943293
1.55839933669318	-1.46804222129794	-0.93765003561907
1.38340180596308	0.294188739768208	-0.927442399496806
0.377477381205192	0.808823127287479	0.811741801901263
0.648267765782091	-1.274201015645	0.401735176822434
-1.03446291495431	-0.0205162941127419	0.493766554107409
1.2671315937334	0.264928977564396	1.30236767010365
2.07762419887991	0.381291317576662	-0.25952178254111
-1.98257323364385	-0.299152402485877	0.339161722553408
-0.253131767688977	-0.102738267059025	-0.923911965139662
-1.25086756452911	0.791146803789313	1.0197696799809
-1.68281531380493	-0.882301289694135	-1.39785567501949
1.27748663083749	0.413764922913405	1.91622894176086
0.59928953509232	-0.482363997131276	0.66602779569576
0.534423205698844	-0.209563621450663	-0.222178996535846
-0.777768431585979	1.12784431563913	-1.22573658498849
1.17726573190553	-1.75702939186112	0.904967952814073
1.53029956134981	-0.24539962079217	0.157384662417133
-1.31462844891037	1.35403923469648	0.745819243281545
-1.73351646887596	-0.05082321175626	-0.78077215839449
-0.482953170866204	0.226872087747388	1.31835100106109
0.2862367815405	-1.55771490087488	-0.661031778911048
1.02338411664743	0.688088611491123	1.8385682930264
-0.67155030799794	1.04858184036431	1.07033978096455
-1.30061068151777	0.897774891990696	-0.148692017652567
-0.329323785881332	0.182983724250785	0.983876736898721
0.113538596416072	-1.45922823103174	2.22907494668193
0.00939292579019357	-0.437887655843367	-0.104406318417869
0.55307561758135	0.730140052680136	-0.636069727829859
-1.33641943719952	0.0185684832521604	-0.814007528742356
0.913861464237582	-0.198269896676769	-0.746291459360195
-0.855586154202775	0.893607430371666	-0.939851134378746
0.511173500833116	0.345212796848648	-2.21794981163879
0.220356031980252	0.992052624387213	-0.6989073197869
-0.484190828220603	1.98267011538183	-0.621531602140267
-0.084741825287923	0.449014484053903	1.3931938180477
0.150450331323107	0.768344192203036	0.299395969193678
0.157623738825839	-0.0215233384043371	0.204343273237267
-1.08993505044065	-2.22559161568892	0.856821089754045
0.927750315195023	0.290930036458593	0.140071095891027
-0.484194135958444	-0.540167151335119	-0.653388759947556
-0.0313253195717031	0.0348404418859033	-2.73831180954537
-1.49603909077752	-0.385168386747856	-0.830686064288307
0.930284770343338	-0.346522970964488	0.188918434675504
-0.0098458117727637	-0.178617747299699	-1.85012820918031
1.25473515663494	0.504043713592365	0.408532592119165
0.0627089751154208	-0.621261705398088	0.894937596396561
0.0760593294290458	1.1087616155188	0.657344450774995
1.00614239291844	-0.78691749648913	0.0804010302308218
0.757339863151903	0.42647641233511	1.65774977451409
-0.930926428967416	-0.767847878011511	-0.307441202202473
-0.0524670830985866	-0.312481277357474	-0.210457504473404
0.157812112391002	1.03438008301892	0.242727069087512
-1.3913404807393	0.540856582011412	0.00114863683753422
-0.625181780049166	-0.247568773240721	0.444942164579123
-0.194671357768741	-0.0595266083273142	2.60775912985004
-0.0426610580358257	0.267350999936929	-0.807839220182729
-1.0197782433228	1.11123222094058	-1.65126392891974
-1.31890221148421	0.517708824776339	0.376426646637796
0.275857640494605	0.417237275463142	-0.796777811756082
-0.0345671947670824	0.161441089314689	-0.153474539668616
1.1936345485959	-0.329088743139915	0.0413850890349463
1.18243373387612	-0.115630116621545	0.721494210747117
-0.374784498220654	-0.857493457398366	-1.08907502276116
0.700086605048021	-0.193249798953348	-1.0637649633044
0.00171038546335081	-0.0143122504925615	-1.69319002337299
1.55026739716268	0.711000610210587	0.612000094567483
0.32776801299064	-0.231765737401426	0.360088753251615
-0.73970835581583	-2.35505653584134	-0.24147302970244
0.0155379203081905	-0.618706690503057	-0.452381246371149
-1.86486959239946	2.15855380299139	1.64093926740723
-0.228860343562737	1.12654557322829	-1.00717779434399
0.560074796667579	1.18345380102411	-1.33791516953195
1.11146455547793	-0.276001011041305	-0.0860577373197201
0.113582558779735	0.0960822873041219	0.358730137975324
1.44373145996219	0.431816386607251	-0.312708891703819
0.0717439389450812	0.99516209462633	-0.221821481727787
-0.683073437499897	-1.1824941160086	-0.818026662526796
0.620347524499842	-1.69760546155107	-0.683269443109513
-0.943150945248911	-0.548805415844807	-0.664665345200011
-2.42620647440683	-0.511046055273932	0.0706826903169593
0.661712749599763	1.2495902905764	0.979104963464614
0.898275897713018	0.995788863788115	-1.17578280594266
1.3766107577679	-0.991530641461642	-0.233444872138539
1.44339308601983	2.31052350218236	-2.51391178412061
1.80308133194927	-0.930876349910179	-1.78379606941246
0.326572580505795	0.739927789959683	-0.758475187465763
-1.10826571937382	-1.11370312060117	-0.308240706291363
-1.15069884789993	-0.589632750795959	0.025597639874584
0.895336223626402	0.907783701325878	0.673590371572071
-1.3563022514838	0.558248748325914	0.586840879656365
-1.66842757264262	2.4666853760774	1.3166589718747
0.299465834218976	-0.330050201080482	0.506519234264623
-0.449524345405912	-0.536906426855308	0.581209909880134
-0.990983573784693	-0.403062273787066	0.782435023163369
0.118899411951787	-0.957989976016729	-0.937442336704809
-0.447233251564946	-0.144605510144968	-0.486673324049655
0.761913801480788	-0.852858192579109	1.38951924266382
-1.22259344274645	0.698958887865055	-0.92122803149678
-0.0418586697881547	-0.460523437683937	-0.734249314664197
-0.588186569586188	-1.0857966017755	0.730968072776684
0.144995203131361	-0.380540636148177	-0.462612648737179
-1.51094314186693	0.47259322613936	1.11643029404103
1.57431597875697	1.24825375299832	1.17956962716767
1.33012039873003	1.53185340311324	-0.264128030713549
-1.17485769852894	-0.114579690108649	-0.191766365502669
0.631531678636184	-0.386543550028743	0.840387139191585
0.72089576093447	-0.530865900294757	-2.01320425114404
0.0950059589769535	1.22690625865068	-0.570133362897853
1.25830093008552	-0.651685810661791	-0.243507925388691
-0.996076386255512	0.910287425619853	-2.42161547000663
-0.247470117470395	-0.463030410653378	-0.522917275389959
-1.67047600514001	0.570370118944271	-1.1216270500709
-0.959230708207425	-0.538583000209382	-0.980526415224401
-1.31743886065588	0.246272064255103	0.0472118445734301
-0.384726810695608	0.427785473714467	-0.0428050367979297
1.19795203643464	1.91323085156602	-0.404393432079841
1.42120595064367	-0.291688380316659	1.28779431932783
0.0812648574243857	-0.590339347060249	0.451656340968712
-0.0488283861787532	-0.43906150877713	0.531832801730914
-1.31256413831925	-2.58310199372997	2.56303890522798
0.0294297595044399	-0.526662612291264	-2.30792450671809
2.05321213503209	-0.59506932895761	0.144168331884825
-0.940617932688679	-1.88196803982965	-1.25329170785151
0.598082282842914	-0.218549571230477	-0.661311501324171
-1.42303753230188	0.830804481952488	-0.335412143656535
0.452339447646836	-1.14701262378764	-1.17867429740189
-1.3820302442068	0.0158885008530444	-0.0802590947879336
-0.226309974049199	-2.01167056409817	0.326240101726135
-0.396080059882909	1.63162555039391	1.23057605044806
0.405836381409883	-0.188830744083765	-0.70147456464673
0.467049692409565	-2.3491439848422	-1.22193521684229
1.23200509676579	-0.450594922920159	0.239413225564848
-0.114994872909231	-1.22000855406643	0.282958283779635
0.283656544164411	0.42844844482896	2.19800123385238
-1.54070055462086	-0.00750389837360331	-1.25669486231645
0.215243923895603	0.56462887593213	-0.478836525403354
0.462129558076105	-1.47535462507983	-0.914289481075363
-0.228610927232303	-0.0595162712142471	-0.0146259420174866
-0.732435112503227	-1.21683872597729	1.57525720027327
1.48623443511356	1.05534206077032	-0.558351057806168
-0.227795357733432	1.54078211716815	-1.40429096203048
-0.161402024569906	-0.889626357852596	-0.280086589598452
-0.526046540557452	-1.03410543564971	1.92509833842963
0.28625487095183	-0.245814720107944	-0.2708451369772
0.388314461581471	-0.61851918856107	-1.72219888603001
0.245103323131558	-0.663288424957237	0.802844467000744
-1.75670094897355	1.02671093687119	-0.462945260713755
-1.00904039564337	1.04868937453672	-0.209987846664441
-0.416924359990904	-1.79135401577261	-0.751190144628997
0.706272355913573	-0.940669887131431	-1.7968014339525
-1.13398081995626	-0.843666493280451	-0.725448594317914
-1.20085937230257	0.942858534233263	-1.94447507523839
-1.68728095316011	-0.899276603726396	0.286936807344579
-0.183849167387383	-0.910000740292251	-0.613204269750495
-1.91941912241534	1.3358916719235	0.31474346309631
-0.612038608458603	-0.955219180893006	-1.31751316292932
0.530715076479376	-0.731537394819808	0.304140637647213
0.217484742338389	0.101030279877212	-0.804453656447146
-0.293963288987609	-0.831853502025134	-1.13398768105865
1.12722703503352	-0.350158312311306	-0.879696645480067
0.93427713609994	-0.903865585166263	0.389370081552332
-0.718199066072386	-0.124720185353444	-1.00491717125711
0.955506237562335	-0.208151055526502	1.70001249176827
0.814260969397207	-2.10597213228441	0.891253821329998
0.226866281148658	2.00018968767728	0.834516459191537
-0.108791740099016	-0.372152819155175	0.803052785064081
-2.38454063452349	0.243359255652596	-0.58792010180016
1.2323126793644	0.817317735071932	2.28645330904884
-0.489805164568031	-1.30501031382834	-0.388582577035184
-1.52461781065193	1.26506890518602	-1.35874520916081
-1.14723778560738	-2.37894308468078	1.49079742415336
1.22926428476263	0.341201841014248	0.292195492904071
0.360239976976852	-0.120915011894326	0.855874311654423
-0.560986606615936	-0.750106377370359	1.2040592159361
-0.691981610162612	-0.377661246616366	-0.703572491304171
0.161946216818303	0.362541031112715	1.15500268220674
1.47628603027077	0.448832693633256	1.29939992176941
1.03356933098	1.12844798307454	-0.531632231331894
-2.13522932561656	0.394331090906505	0.676450647170084
0.140791135109837	1.60087235648395	0.836205163279097
-0.401075882365103	0.205773156640493	-0.353049352778333
0.0799276603971274	-0.175968436955959	0.244958434088285
-0.520602748802412	-0.362430849326423	-0.350881239813113
-0.0922321375502577	-0.470880212620069	-0.877198499386656
0.2176033488055	-1.82665316000464	2.45115067349443
-0.273967367800544	0.462925207939527	0.0583089183837513
0.167884295736322	-0.0926006868912345	-2.25695465771566
-0.585731416752775	-0.525133541215481	-1.12588702436348
-0.839999578457306	-0.319700190369518	-0.112700083647708
0.975393401082396	-0.739554266703302	-0.566370656523618
-0.580542202685731	1.04796684881502	0.879244089227
0.978516470208542	1.27047324343719	0.0175574153793161
-0.195354958283367	-1.17037104736315	0.138946711877736
0.288248561310137	0.119135530824449	-1.318500266846
-0.142619253290617	2.22338148297407	-1.3581210873113
1.38117905490649	-0.574708216589585	-1.66345348356464
0.568676410748649	1.15789333961483	-0.278813339570031
-0.502244470821978	1.25306352953627	-1.12564419303306
-0.266385977774085	1.11982893221952	-0.0924651858496721
-0.769913509665508	-0.136654325684212	1.90605802806359
0.748393818474767	1.28727921157987	1.05726820579089
0.242161058828995	-0.776686847266983	2.49775694785574
-0.95067243100816	1.14469072760817	-1.12367038465292
-0.439117792011001	-0.415392427280965	0.750643220648988
0.379942794032513	-0.30998392099677	0.780983424590455
-0.614244390263026	0.287123604558553	-0.0174791879426819
1.91236408442333	-0.772120433736307	1.72539290123272
0.781054787602504	0.0805833987744894	0.101893085866049
1.03492550320465	0.763578396659524	-0.8820907049039
0.957723102849526	0.826663509007544	0.232303559393526
-1.00882685949174	1.24247685893915	0.016501211272407
-1.44235562402482	0.296413667388966	1.59795691509146
-1.49085730718399	-0.671040031299021	1.10995126906208
0.185872993022346	0.0703698150703194	-0.342398978257071
-1.07146450404961	-1.01616850172273	-1.23763807451406
0.08425217038835	-0.391231475037205	2.30733794573534
-1.93728139532349	0.340032904715786	0.917759180206629
0.0895107160786639	-0.990040548931769	0.591371001279963
-0.967909861121088	-0.417010120638402	0.867049476250084
1.57150917351649	-2.09237263463879	-0.262182901340205
-1.95489119665869	-2.05378186590226	1.14781249116019
-0.507854054425244	1.17794468265973	0.0802863173035831
-1.21265186072166	0.758880861260329	-0.624386352125825
0.00214808503599381	1.38999513164471	1.24179405028803
-1.6620017047316	-1.23639558438788	1.51436903147856
-0.942998241702369	1.33452046399461	-1.3010194057213
-1.01733447087056	0.225075629305027	-0.959990932889012
-0.155387789130517	-1.87806235175823	-1.68065945586427
-0.0219440289379122	1.54919486221307	0.195317857945461
-1.04420069744799	0.665836565558622	-1.19760292527313
-0.102776009977439	1.14252522924014	0.154260012335216
-1.09966883228662	-0.482258373673629	-0.538763512698979
0.238991320893023	0.362648731989379	-0.236548305680552
1.49065001241215	-1.20743980491435	0.136600590978417
0.411758541081396	-0.929267996851832	-1.03743778764257
0.356566602220329	-0.55129697223375	-0.260957581473361
0.452592066130376	0.773987111689936	1.51325830473906
-0.0785536093249627	-0.306372472071702	-0.190287429456575
-1.10176887887056	-1.03477511625654	-0.41330621093118
-0.295120676586837	-0.107455651593982	0.526717421476686
0.5705127069416	-0.395067235174543	0.547089984308399
0.711790322100235	0.779153563271729	0.0722441486595502
1.3838126569407	-0.329697914714654	-0.138037789200193
0.17748954318876	-1.79550775574968	-0.0631570165581529
1.68870333079196	-0.0220946392160524	0.807914713824088
-0.408048145944984	0.602228308226227	0.673345000113142
1.33575548116801	1.41008583573324	-0.649004752419333
-0.102218843248696	-0.719298041614912	2.64763357820051
-1.79200986784463	0.224448910125574	0.24167677804077
-0.358454365861876	-0.804318206554588	-0.251532789690848
-0.72398328460229	1.05392631188113	1.57994470086192
-0.643352351163417	1.31192187701831	-0.179309810190604
0.148726606999316	0.584695727513781	-2.10311209114834
0.0671441184761801	0.576389513528203	-1.06163656000276
-1.08709204567971	-0.368823675728516	-0.305713145679306
-1.24981146821176	0.472098882122493	-0.642997343887941
-1.40440993176538	-0.722577741328942	-1.14709979841676
1.04592754532663	1.67530106026543	-1.40575139527311
-0.616834741620123	0.666273496317847	-0.527778603409189
-0.0859605058595014	0.0368742727013217	0.273901463126594
-0.694176929339291	-0.605316674357084	0.178892523731371
0.756965073262428	0.243050901844925	0.260685972880521
2.74096652169482	0.606710068743797	0.720699439200767
0.698141592609841	0.999139751373384	-0.474031174623843
0.426727318207153	0.253658380986491	-0.602703711648337
-0.126698781567508	-0.316704231755505	-0.194917051140693
0.171213077297924	0.000766832075717673	-0.027463419169771
0.514521049198996	1.03632595363906	-0.0639405479258092
-0.85871149740697	-0.755709602791344	-0.633833951440122
0.321410960492031	0.146129438038521	-0.546722767225251
0.62937097246626	1.39209267333984	-0.568861192653402
-0.652685673591942	-0.585359824199834	-0.870286487452513
-1.73106694866003	0.508904652308086	0.680550246220589
-1.51198128395009	0.312512667643567	-0.21822252938437
0.294385789903794	1.97522404281603	-0.233895021743188
-0.898297503525344	0.91499990034933	-0.107298238693815
1.2566008324675	-0.874518641942838	-2.03551316603038
0.0197048084856733	1.53981878538891	-1.51345372007946
0.0242318710788653	-0.467781147440352	-0.0950742373591539
-0.423693225161872	-0.249380760973283	0.858863126345772
-2.58682929279513	-2.14323190469632	-0.213582498833804
-1.90771794959298	-0.752512021791589	1.36974144222639
0.581051199939528	2.07329956163399	0.449000906105504
1.13409126278835	-1.83931942129342	-0.552318767735536
0.317714651708771	-1.75230597971223	-0.263924795327023
-0.679448804009597	1.11170798151855	0.780548821380805
-0.91523768739982	0.724769501836745	-0.459994283244063
0.283041779965219	2.0501254394784	-0.977137784798364
1.38899150837407	-0.428677580331262	1.06412546987258
2.86575375508505	-0.114914239992287	1.26050608728632
-0.100739186608821	-1.73145550924872	0.369018306214082
0.865810596569443	1.53557494944162	-0.815687654855654
0.701291838728632	1.70767079784311	1.37043604564011
-0.85567842594621	1.56046174564429	0.776942311099566
1.12549920127028	3.68653600192198	-0.107438673976677
-0.196258803381829	1.64993381046672	-0.249922674138729
-0.290963302218172	-0.234232267581568	1.32205363587567
1.50086571100689	-1.16743312915378	-0.735322940307396
-1.42583726748369	0.50251248294692	-0.336693199996564
-1.49479288495288	-0.250084450862225	0.315791848265014
-0.656818166451311	-1.14308790762109	-0.248276684655209
-1.47952802832088	-0.0135749557815335	1.30848759175417
0.325817460789612	-0.505354036467092	-0.774214135382379
-0.907528736684175	0.833525497544804	-0.478208213966405
1.01550987530346	-0.784377244324106	-0.0474569933757192
-1.07163922527462	1.77995155587711	0.93762623727259
-0.924261216706644	-0.728914105317867	-0.761827002462943
1.30244222427853	0.500886040530142	1.6655318038605
-1.09124114798486	1.16456958524705	1.79208339051766
-0.654507782547282	0.102786995130052	1.58544854249807
-0.85865344762331	-1.20723607482909	0.635831922670943
1.52479685216455	0.986991788799108	0.343243026424259
-1.30403529992751	-0.335483256449176	1.55335502643136
1.06014063537586	0.466493971018044	-0.609576200103557
-0.35492991655828	-0.587134306536009	-2.01809754239801
0.0844743544447737	0.470441837263551	-1.02315957919107
0.0407880976839654	-0.51071007459895	1.20175669258762
-0.387471525977326	0.382380437666654	0.638127974722005
-1.76241211002446	-1.0561059273465	-0.738484448730051
0.979045978837456	-0.250714905453173	-0.483822237712831
0.711975397969052	1.54823968710849	-0.327088174388797
0.200978702538609	0.699326305275632	-0.945057684768321
0.715970610938925	-1.21521650333934	1.06117671520484
0.277307906884015	-0.267445855353002	0.0510819464582385
-0.927155747351094	0.243218051820454	1.36612076355351
0.10313657073705	-0.0438404048800885	-2.05250938315455
0.82178455064625	1.00058011028208	0.577826364006386
0.526393188134162	0.109854428521105	1.2982490578433
0.486428220338773	-0.225849021836323	0.290677469103097
-0.595387073436561	0.0826228175707552	-1.0318230309756
1.64289081862212	-0.314713299539099	0.31191391250175
-0.772883963874364	0.192635538609634	1.02579087667488
1.74932897956569	0.0697898550914123	1.58213865438741
-2.10881628576981	-0.692254242893108	0.396425024012807
0.725474775842916	-0.00520189838061915	1.2642214482925
-0.0544101083714524	-0.0223419499752963	0.487312378692667
1.65948712305452	-0.223750247945776	-0.154261512279596
-2.30171746795164	-1.47086848727856	0.524649833893712
-0.553503337569574	-2.47001822278025	0.621215321661718
-0.992976910787797	0.6426111587184	-0.511919519480069
-0.166737141110214	0.000669346445085839	1.7147692714774
0.474031302813452	-0.44126780372097	-0.411048844332426
2.12694371321208	0.947623658084678	-0.0174336251393092
-0.107724403037333	0.226240534255074	-1.72930213800891
0.0785553013286631	0.0932828907752875	-0.495336022049526
0.106058812820286	-0.642070174255152	0.533819023359345
-0.957899452857281	0.178383548001936	-0.842879876606194
0.315090455308445	0.0579232857388108	0.96072454668605
-0.243911364150053	-0.174844528457861	1.11573424331435
0.595959349435862	0.658903270969437	-0.268633189660553
-0.109017655653635	-0.366750607077709	-0.719306820735869
1.59980720026409	-1.17866088198679	0.0288220354870787
-1.63773284595533	-0.439093785684357	-0.125307551915614
0.190086845634378	0.569065151196234	0.764628682142389
0.741164258694831	-0.380759562451243	-1.08606029499255
1.5012995167723	1.23244652497819	-0.0672399989417724
0.713543939793931	0.182396674882368	-0.343590446354291
1.4310237111149	-0.521870859558806	-0.0365338562186218
0.649939104295586	-0.966702685207623	-0.0972728397140014
0.258603690881233	0.490540626975311	-1.6459944623304
0.742706241148971	1.75065285566895	0.227876371762772
0.954751587820186	-0.446736597666697	-0.744560008312683
0.307658393762271	-0.374554649542163	0.414672597770386
1.11286774001229	0.654910794895875	0.1100938782513
0.0173233819895893	-1.48318128135979	0.303115080818206
-0.272541443642626	-1.97231144271279	0.180055335065528
0.0724764709028506	1.57068899422755	-1.79437224614792
1.47024571020124	-0.0585279189336459	-0.812936999129564
-0.515849417120277	-0.0450039694471833	0.759235472384474
0.672718116694861	1.2339001332228	2.3136351337784
1.76111486128352	-0.930605761634836	1.06011306276119
-1.40764841883991	0.553418713573457	-0.190100679315007
1.32103098704748	0.148943067115714	-2.20093132586339
-1.1566203242217	-0.44111591623258	-0.372932845214997
-0.462472803716637	-0.260302534627719	-1.41442566587811
-1.1702966707533	1.37203837424408	-0.554067267654642
0.66433761298706	-0.0659729983262632	0.976771104010582
0.170005613241912	-2.01963855421519	-0.0603053590568379
0.122759903264011	0.903831953422799	1.9106812784257
-1.30291720714983	0.763395546512509	-0.101215224989191
0.18390008914035	0.634095969835268	0.166578718425026
0.364248209124172	0.0179087174421425	2.31211837836054
0.501696097338711	1.51346621538109	-1.74222382074341
-0.432296029335021	1.1573483054488	0.41799224689568
0.643685253246246	0.985600182081365	-1.26308557028248
1.21279930944828	0.435095132122933	1.09064914990121
0.0583693590965626	1.3921212073158	-2.18178381782027
1.00193117528492	0.347370329811482	0.411365113029304
-0.845543959406032	1.97542655065171	1.21799561444513
1.69282760657566	-0.539846148905736	0.722882795632128
-0.461049035699942	1.06768338755089	-0.248324263877173
-0.111422611745072	1.37501773269919	2.31128064907876
0.94360716499524	-0.212544709622278	-1.06101787538113
-0.621921278628504	0.0406290454531863	-0.345831690286069
0.133636307232328	0.462569853905438	1.30284052094582
-1.10201490421642	1.49937240115976	-2.2157765058461
-0.124900679122042	-0.897149588736657	0.746710189412875
1.41698017992507	-0.646163635617568	1.1567880400713
0.707326153769925	0.722407981774378	0.151145048068567
0.292346677039883	2.04279099159596	-0.60850939659816
-0.0273708028126956	-2.53274893476902	-1.28170337742111
